2032
3021
3438
3766
3980
4069
4049
3891
3612
3246
2788
2291
1789
1298
 838
 472
 192
  31
   9
  97
 310
 635
1051
1534
2025
2532
3015
3433
3763
3978
4069
4050
3894
3617
3252
2795
2298
1796
1305
 843
 476
 195
  31
   9
  95
 306
 630
1045
1527
2018
2525
3008
3428
3759
3976
4068
4050
3897
3621
3257
2801
2305
1803
1312
 849
 481
 199
  32
   8
  93
 303
 625
1039
1520
2011
2519
3002
3422
3756
3974
4067
4051
3901
3626
3262
2808
2312
1810
1318
 854
 485
 202
  34
   8
  91
 300
 619
1032
1513
2005
2512
2995
3417
3753
3972
4067
4051
3904
3630
3268
2815
2319
1816
1325
 859
 490
 205
  36
   7
  89
 296
 614
1026
1507
1998
2505
2989
3412
3749
3970
4066
4052
3907
3635
3273
2821
2326
1823
1332
 865
 494
 209
  38
   7
  87
 293
 609
1019
1500
1991
2498
2982
3406
3746
3968
4066
4052
3911
3639
3279
2828
2333
1830
1339
 870
 499
 212
  40
   6
  85
 289
 603
1013
1493
1984
2492
2976
3401
3742
3966
4065
4053
3914
3644
3284
2834
2340
1837
1345
 875
 503
 216
  42
   5
  83
 286
 598
1006
1486
1978
